----------Table of sections----------
Name:          Start:         Size:          
g              0              24             
a              24             24             
b              48             28             
-------------------------------------
------------Section tables-----------
0:	00	00	00	00	01	00	00	00
8:	50	33	f0	00	51	33	10	00
10:	52	33	10	00	53	88	40	00
18:	60	11	00	00	61	33	10	00
20:	62	33	10	00	63	33	10	00
28:	70	33	10	00	71	33	10	00
30:	40	02	10	00	90	40	00	00
38:	90	b1	00	00	90	32	00	00
40:	94	03	00	00	94	1b	00	00
48:	94	23	00	00
-------------------------------------
